Call:	 agnes(x = attributes, method = "ward") 
Agglomerative coefficient:  0.9972719 
Order of objects:
  [1]   1  55  46  47  49   2   9  10  23  30  42  24  39  33  48  57  74  96   3  53  27  14
 [23]  51  18  56  35  43  38   4   6  11  32  15  19   7  12  28  31  59   8  17  50  52  58
 [45]  13  16  34  54   5  69 169 175 174  40  79  70  82 101 137 156  21  41  22 142  44  61
 [67] 162 164  66 110 154 167  89 105 136 168  99 173 159 135 149  63 121 155 148 160 165  83
 [89]  90  97 131 170  20 145  26 176 177  25 146  29  36  37  45  71  75 158  60  84 161 166
[111]  85 138 143 171 132  67  68 107  87 117  93 108  62  86  92  80 128  73 172  91 157  78
[133] 151 122 152  88 102 120 133 178 144 111 163 150 113 134 141 140 130 139  64 104 147  72
[155] 100 116  76 103  98 114 153  65  95 118 123 127 129  77 115 124 126 125 119  81  94 106
[177] 109 112
Height (summary):
    Min.  1st Qu.   Median     Mean  3rd Qu.     Max. 
   2.611    9.228   15.739   98.118   40.573 5078.327 

Available components:
[1] "order"  "height" "ac"     "merge"  "diss"   "call"   "method" "data"  