Proanthocyanins Color_Intensity   Hue OD280 Proline
1             2.29            5.64 1.040  3.92    1065
2             1.28            4.38 1.050  3.40    1050
3             2.81            5.68 1.030  3.17    1185
4             2.18            7.80 0.860  3.45    1480
5             1.82            4.32 1.040  2.93     735
6             1.97            6.75 1.050  2.85    1450
7             1.98            5.25 1.020  3.58    1290
8             1.25            5.05 1.060  3.58    1295
9             1.98            5.20 1.080  2.85    1045
10            1.85            7.22 1.010  3.55    1045
11            2.38            5.75 1.250  3.17    1510
12            1.57            5.00 1.170  2.82    1280
13            1.81            5.60 1.150  2.90    1320
14            2.81            5.40 1.250  2.73    1150
15            2.96            7.50 1.200  3.00    1547
16            1.46            7.30 1.280  2.88    1310
17            1.97            6.20 1.070  2.65    1280
18            1.72            6.60 1.130  2.57    1130
19            1.86            8.70 1.230  2.82    1680
20            1.66            5.10 0.960  3.36     845
21            2.10            5.65 1.090  3.71     780
22            1.98            4.50 1.030  3.52     770
23            1.69            3.80 1.110  4.00    1035
24            1.46            3.93 1.090  3.63    1015
25            1.66            3.52 1.120  3.82     845
26            1.92            3.58 1.130  3.20     830
27            1.45            4.80 0.920  3.22    1195
28            1.35            3.95 1.020  2.77    1285
29            1.76            4.50 1.250  3.40     915
30            1.98            4.70 1.040  3.59    1035
31            2.38            5.70 1.190  2.71    1285
32            1.95            6.90 1.090  2.88    1515
33            1.97            3.84 1.230  2.87     990
34            1.35            5.40 1.250  3.00    1235
35            1.54            4.20 1.100  2.87    1095
36            1.86            5.10 1.040  3.47     920
37            1.36            4.60 1.090  2.78     880
38            1.44            4.25 1.120  2.51    1105
39            1.37            3.70 1.180  2.69    1020
40            2.08            5.10 0.890  3.53     760
41            2.34            6.13 0.950  3.38     795
42            1.48            4.28 0.910  3.00    1035
43            1.70            5.43 0.880  3.56    1095
44            1.66            4.36 0.820  3.00     680
45            2.03            5.04 0.880  3.35     885
46            1.25            5.24 0.870  3.33    1080
47            2.19            4.90 1.040  3.44    1065
48            2.14            6.10 0.910  3.33     985
49            2.38            6.20 1.070  2.75    1060
50            2.08            8.90 1.120  3.10    1260
51            2.91            7.20 1.120  2.91    1150
52            2.29            5.60 1.240  3.37    1265
53            1.87            7.05 1.010  3.26    1190
54            1.68            6.30 1.130  2.93    1375
55            1.62            5.85 0.920  3.20    1060
56            2.45            6.25 0.980  3.03    1120
57            2.03            6.38 0.940  3.31     970
58            1.66            6.00 1.070  2.84    1270
59            2.04            6.80 0.890  2.87    1285
60            0.42            1.95 1.050  1.82     520
61            0.41            3.27 1.250  1.67     680
62            0.62            5.75 0.980  1.59     450
63            0.73            3.80 1.230  2.46     630
64            1.87            4.45 1.220  2.87     420
65            1.03            2.95 1.450  2.23     355
66            2.08            4.60 1.190  2.30     678
67            2.28            5.30 1.120  3.18     502
68            1.04            4.68 1.120  3.48     510
69            0.42            3.17 1.020  1.93     750
70            2.50            2.85 1.280  3.07     718
71            1.46            3.05 0.906  1.82     870
72            1.87            3.38 1.360  3.16     410
73            1.03            3.74 0.980  2.78     472
74            1.96            3.35 1.310  3.50     985
75            1.65            3.21 0.990  3.13     886
76            1.15            3.80 1.230  2.14     428
77            1.46            4.60 1.190  2.48     392
78            0.95            2.65 0.960  2.52     500
79            2.76            3.40 1.060  2.31     750
80            1.95            2.57 1.190  3.13     463
81            1.43            2.50 1.380  3.12     278
82            1.77            3.90 1.160  3.14     714
83            1.40            2.20 1.310  2.72     630